Preprocess the data once at each stage
Stage, Iteration, |UV-EV|/EV, UV/EV - 1, RMSE, MQE = (((|UV-EV|/EV) ** 2) ** 0.5)/N, Updated MQE = (((|UV-EV|/(UV+EV)) ** 2) ** 0.5)/N, Average Aspect Ratio (height/width),Average Aspect Ratio min(height/width)/max(height/width), Pre processing Time(sec), Iteration Time(sec)
0, 1, 0.0025, 0.0025, 0.0025, 0.0013, 0.000627, 1.000273, 0.992493, 0.001, 3.891
0, 2, 0.0025, 0.0025, 0.0025, 0.0013, 0.000627, 1.000273, 0.992493, 0.001, 3.8583
0, 3, 0.0025, 0.0025, 0.0025, 0.0013, 0.000627, 1.000273, 0.992493, 0.001, 3.803
0, 4, 0.0025, 0.0025, 0.0025, 0.0013, 0.000627, 1.000273, 0.992493, 0.001, 3.6466
0, 5, 0.0025, 0.0025, 0.0025, 0.0013, 0.000627, 1.000273, 0.992493, 0.001, 3.7706
0, 6, 0.0025, 0.0025, 0.0025, 0.0013, 0.000627, 1.000273, 0.992493, 0.001, 3.7319
1, 1, 0.0046, 0.0006, 0.006, 0.0015, 0.000757, 1.006067, 0.98311, 0.014, 6.7913
1, 2, 0.0023, 0.0006, 0.0029, 0.0007, 0.000359, 1.009063, 0.982066, 0.014, 6.3039
1, 3, 0.0022, 0.0006, 0.0027, 0.0007, 0.000338, 1.009208, 0.981462, 0.014, 6.7993
1, 4, 0.0022, 0.0006, 0.0027, 0.0007, 0.000338, 1.009397, 0.980896, 0.014, 7.182
1, 5, 0.0022, 0.0006, 0.0027, 0.0007, 0.000338, 1.00949, 0.980661, 0.014, 6.5773
2, 1, 0.0098, 0.0004, 0.0123, 0.0015, 0.000766, 1.0027, 0.955754, 0.0619, 11.1353
2, 2, 0.0052, 0.0005, 0.0064, 0.0008, 0.000402, 1.002117, 0.955452, 0.0619, 13.2159
2, 3, 0.0041, 0.0003, 0.0052, 0.0006, 0.000324, 1.001772, 0.954997, 0.0619, 13.9001
2, 4, 0.0032, -0.0001, 0.0041, 0.0005, 0.000253, 1.00124, 0.954915, 0.0619, 14.324
3, 1, 0.0174, -0.0, 0.0227, 0.0014, 0.00071, 1.008298, 0.917878, 0.3142, 31.7695
3, 2, 0.0094, -0.0001, 0.0115, 0.0007, 0.000358, 1.003843, 0.919305, 0.3142, 33.1527
3, 3, 0.0078, 0.0001, 0.0093, 0.0006, 0.000291, 1.002156, 0.919274, 0.3142, 31.7916
4, 1, 0.0393, 0.0001, 0.0508, 0.0016, 0.000793, 1.027478, 0.855354, 1.1324, 112.231
4, 2, 0.0186, 0.0005, 0.0234, 0.0007, 0.000365, 1.022479, 0.855337, 1.1324, 93.0609
5, 1, 0.1102, 0.009, 0.1532, 0.0024, 0.001149, 1.073885, 0.755163, 4.1551, 320.8704
5, 2, 0.0637, 0.0072, 0.0951, 0.0015, 0.000726, 1.074214, 0.757247, 4.1551, 292.5662
5, 3, 0.0494, 0.0058, 0.0766, 0.0012, 0.000588, 1.076165, 0.756337, 4.1551, 282.3867


Total Pre Processing Time(sec): 5.6787
Total Processing Time(sec): 1312.4381

MSE : 3499.9092
PSNR : 12.6902
SSIM : 0.5081
