Preprocess the data once at each stage
Stage, Iteration, |UV-EV|/EV, UV/EV - 1, RMSE, MQE = (((|UV-EV|/EV) ** 2) ** 0.5)/N, Updated MQE = (((|UV-EV|/(UV+EV)) ** 2) ** 0.5)/N, Average Aspect Ratio (height/width),Average Aspect Ratio min(height/width)/max(height/width), Pre processing Time(sec), Iteration Time(sec)
0, 1, 0.0028, -0.0004, 0.0034, 0.0017, 0.000842, 1.024637, 0.841549, 0.001, 3.6617
0, 2, 0.0027, -0.0027, 0.0032, 0.0016, 0.0008, 1.024523, 0.841602, 0.001, 3.8034
0, 3, 0.0027, -0.0027, 0.0032, 0.0016, 0.0008, 1.02452, 0.841604, 0.001, 3.8605
0, 4, 0.0027, -0.0027, 0.0032, 0.0016, 0.0008, 1.024521, 0.841604, 0.001, 3.6609
0, 5, 0.0027, -0.0027, 0.0032, 0.0016, 0.0008, 1.024522, 0.841604, 0.001, 4.3805
0, 6, 0.0027, -0.0027, 0.0032, 0.0016, 0.0008, 1.024523, 0.841604, 0.001, 3.7608
1, 1, 0.049, -0.0058, 0.0644, 0.0161, 0.008119, 1.117384, 0.809507, 0.014, 5.9241
1, 2, 0.0175, 0.0003, 0.0217, 0.0054, 0.002698, 1.112042, 0.822868, 0.014, 5.9193
1, 3, 0.0079, 0.0001, 0.01, 0.0025, 0.001249, 1.114483, 0.82205, 0.014, 5.9207
1, 4, 0.0047, 0.0012, 0.0054, 0.0013, 0.000672, 1.116452, 0.821946, 0.014, 5.9295
1, 5, 0.0037, -0.0, 0.0045, 0.0011, 0.000557, 1.117317, 0.821959, 0.014, 5.9338
2, 1, 0.0458, 0.0015, 0.0624, 0.0078, 0.003825, 1.127506, 0.786529, 0.0578, 9.7689
2, 2, 0.0163, -0.0015, 0.0195, 0.0024, 0.001214, 1.131805, 0.787427, 0.0578, 9.7689
2, 3, 0.0081, -0.0006, 0.0106, 0.0013, 0.000662, 1.130344, 0.787899, 0.0578, 9.7896
2, 4, 0.0046, -0.0005, 0.0058, 0.0007, 0.000363, 1.129785, 0.787622, 0.0578, 10.2136
3, 1, 0.0484, 0.0048, 0.0657, 0.0041, 0.00206, 1.127213, 0.770002, 0.2473, 26.6215
3, 2, 0.0234, 0.0026, 0.0386, 0.0024, 0.001265, 1.129367, 0.768897, 0.2473, 25.2104
3, 3, 0.0151, 0.0015, 0.0227, 0.0014, 0.000719, 1.131332, 0.764275, 0.2473, 25.5112
4, 1, 0.0472, 0.0053, 0.0736, 0.0023, 0.00114, 1.144047, 0.743324, 1.0202, 83.1706
4, 2, 0.023, 0.0036, 0.0382, 0.0012, 0.00062, 1.145495, 0.741616, 1.0202, 79.993
5, 1, 0.0524, 0.0067, 0.0834, 0.0013, 0.00068, 1.159979, 0.729972, 3.9434, 317.9666
5, 2, 0.0289, 0.0055, 0.0505, 0.0008, 0.000436, 1.160215, 0.729956, 3.9434, 318.2466
5, 3, 0.0213, 0.0046, 0.0394, 0.0006, 0.000356, 1.16178, 0.729348, 3.9434, 305.4006


Total Pre Processing Time(sec): 5.2838
Total Processing Time(sec): 1279.7006

Image Processing Time : 4.9108