Preprocess the data once at each stage
Stage, Iteration, |UV-EV|/EV, UV/EV - 1, RMSE, MQE = (((|UV-EV|/EV) ** 2) ** 0.5)/N, Updated MQE = (((|UV-EV|/(UV+EV)) ** 2) ** 0.5)/N, Pre processing Time(sec), Iteration Time(sec)
0, 1, 0.002, 0.0001, 0.0022, 0.0011, 0.000559, 1.055131, 0.930902, 0.0, 3.9196
0, 2, 0.002, 0.0001, 0.0022, 0.0011, 0.000559, 1.055131, 0.930902, 0.0, 3.3714
0, 3, 0.002, 0.0001, 0.0022, 0.0011, 0.000559, 1.055131, 0.930902, 0.0, 3.483
0, 4, 0.002, 0.0001, 0.0022, 0.0011, 0.000559, 1.055131, 0.930902, 0.0, 3.6257
0, 5, 0.002, 0.0001, 0.0022, 0.0011, 0.000559, 1.055131, 0.930902, 0.0, 3.7336
1, 1, 0.3106, 0.1218, 0.3994, 0.0998, 0.042753, 1.063632, 0.903029, 0.0145, 7.757
1, 2, 0.3004, 0.1223, 0.3982, 0.0996, 0.042581, 1.073075, 0.912472, 0.0145, 7.8445
1, 3, 0.3004, 0.1223, 0.3982, 0.0996, 0.042581, 1.073075, 0.912472, 0.0145, 8.0684
1, 4, 0.3004, 0.1223, 0.3982, 0.0996, 0.042581, 1.073075, 0.912472, 0.0145, 7.8547
2, 1, 0.6917, 0.4598, 1.2133, 0.1517, 0.03598, 1.075419, 0.895295, 0.0519, 13.2592
2, 2, 0.6881, 0.4571, 1.2074, 0.1509, 0.035875, 1.074159, 0.896846, 0.0519, 13.1187
2, 3, 0.6878, 0.4569, 1.2073, 0.1509, 0.035867, 1.073588, 0.897376, 0.0519, 13.0372
3, 1, 1.496, 1.2021, 2.3792, 0.1487, 0.026411, 1.071966, 0.891702, 0.2184, 28.8276
3, 2, 1.4961, 1.2023, 2.3815, 0.1488, 0.026409, 1.071953, 0.891403, 0.2184, 31.2811
4, 1, 185.746, 185.4811, 970.2264, 30.3196, 0.017682, 1.070316, 0.88861, 0.8847, 97.3481
4, 2, 185.0398, 184.7749, 966.2957, 30.1967, 0.01768, 1.070403, 0.888278, 0.8847, 97.9648
4, 3, 184.7069, 184.442, 964.6101, 30.1441, 0.017678, 1.070279, 0.888055, 0.8847, 94.9931


Total Pre Processing Time(sec): 1.1696
Total Processing Time(sec): 440.6574