Preprocess the data once at each stage
Stage, Iteration, |UV-EV|/EV, UV/EV - 1, RMSE, MQE = (((|UV-EV|/EV) ** 2) ** 0.5)/N, Updated MQE = (((|UV-EV|/(UV+EV)) ** 2) ** 0.5)/N, Pre processing Time(sec), Iteration Time(sec)
0, 1, 0.0084, 0.0029, 0.0107, 0.0054, 0.002665, 1.076356, 0.912838, 0.0, 3.8108
0, 2, 0.003, 0.0025, 0.0037, 0.0019, 0.000929, 1.084449, 0.914326, 0.0, 3.8674
0, 3, 0.002, 0.0001, 0.0022, 0.0011, 0.000559, 1.081971, 0.916494, 0.0, 3.6631
0, 4, 0.002, 0.0001, 0.0022, 0.0011, 0.000559, 1.081971, 0.916494, 0.0, 3.7419
0, 5, 0.002, 0.0001, 0.0022, 0.0011, 0.000559, 1.081971, 0.916494, 0.0, 3.8679
1, 1, 0.123, -0.0022, 0.1397, 0.0349, 0.018895, 1.100374, 0.786159, 0.014, 7.0886
1, 2, 0.0855, -0.0039, 0.1072, 0.0268, 0.014328, 1.08967, 0.7942, 0.014, 7.4149
1, 3, 0.058, -0.0029, 0.0769, 0.0192, 0.010006, 1.039056, 0.788067, 0.014, 7.0547
1, 4, 0.0456, -0.0054, 0.0652, 0.0163, 0.00847, 1.007929, 0.780472, 0.014, 6.754
2, 1, 0.2548, 0.0994, 0.4446, 0.0556, 0.020931, 1.111618, 0.677622, 0.0608, 12.5873
2, 2, 0.2002, 0.0764, 0.3601, 0.045, 0.018308, 1.104374, 0.677941, 0.0608, 12.993
2, 3, 0.184, 0.067, 0.3298, 0.0412, 0.017481, 1.093278, 0.669825, 0.0608, 10.9739
3, 1, 0.6833, 0.4374, 1.1618, 0.0726, 0.018648, 1.167905, 0.618176, 0.2633, 31.3133
3, 2, 0.6223, 0.3958, 1.1223, 0.0701, 0.017604, 1.186621, 0.611188, 0.2633, 29.1591
4, 1, 177.6312, 177.3733, 1337.4646, 41.7958, 0.014765, 1.23767, 0.586923, 1.125, 113.4616
4, 2, 176.3628, 176.1139, 1307.7696, 40.8678, 0.014439, 1.263333, 0.58262, 1.125, 100.4127
4, 3, 174.6521, 174.4059, 1300.8628, 40.652, 0.01434, 1.26595, 0.582803, 1.125, 85.6511


Total Pre Processing Time(sec): 1.4631
Total Processing Time(sec): 445.2785