Preprocess the data once at each stage
Stage, Iteration, |UV-EV|/EV, UV/EV - 1, RMSE, MQE = (((|UV-EV|/EV) ** 2) ** 0.5)/N, Updated MQE = (((|UV-EV|/(UV+EV)) ** 2) ** 0.5)/N, Pre processing Time(sec), Iteration Time(sec)
0, 1, 0.0084, 0.0029, 0.0107, 0.0054, 0.002665, 1.076356, 0.912838, 0.001, 3.8345
0, 2, 0.003, 0.0025, 0.0037, 0.0019, 0.000929, 1.084449, 0.914326, 0.001, 4.0999
0, 3, 0.002, 0.0001, 0.0022, 0.0011, 0.000559, 1.081971, 0.916494, 0.001, 3.4691
0, 4, 0.002, 0.0001, 0.0022, 0.0011, 0.000559, 1.081971, 0.916494, 0.001, 3.2798
0, 5, 0.002, 0.0001, 0.0022, 0.0011, 0.000559, 1.081971, 0.916494, 0.001, 3.6104
1, 1, 0.1184, -0.0005, 0.137, 0.0343, 0.018419, 1.065319, 0.79233, 0.014, 6.8683
1, 2, 0.0701, -0.0037, 0.0895, 0.0224, 0.011771, 1.088085, 0.791673, 0.014, 6.8117
1, 3, 0.0488, -0.0007, 0.0628, 0.0157, 0.007898, 1.088687, 0.800796, 0.014, 6.3497
1, 4, 0.0377, -0.0017, 0.0531, 0.0133, 0.006612, 1.115367, 0.798609, 0.014, 6.4813
2, 1, 0.2664, 0.1118, 0.5315, 0.0664, 0.020979, 1.116324, 0.698649, 0.0598, 12.8777
2, 2, 0.1883, 0.0655, 0.3477, 0.0435, 0.017392, 1.089821, 0.684389, 0.0598, 11.0513
2, 3, 0.1761, 0.0587, 0.3213, 0.0402, 0.016805, 1.073422, 0.685216, 0.0598, 11.392
3, 1, 0.7222, 0.475, 1.2728, 0.0796, 0.018847, 1.202646, 0.64006, 0.2683, 27.1146
3, 2, 0.676, 0.4401, 1.2908, 0.0807, 0.017906, 1.21805, 0.637967, 0.2683, 25.2704
4, 1, 179.8448, 179.5739, 1406.2164, 43.9443, 0.015074, 1.251255, 0.617088, 0.9878, 89.3591
4, 2, 183.4369, 183.1752, 1432.7952, 44.7748, 0.014811, 1.254314, 0.617211, 0.9878, 84.4363
4, 3, 182.3435, 182.0842, 1420.6775, 44.3962, 0.0147, 1.257215, 0.614, 0.9878, 83.2649


Total Pre Processing Time(sec): 1.3309
Total Processing Time(sec): 390.9021