Preprocess the data once at each stage
Stage, Iteration, |UV-EV|/EV, UV/EV - 1, RMSE, MQE = (((|UV-EV|/EV) ** 2) ** 0.5)/N, Updated MQE = (((|UV-EV|/(UV+EV)) ** 2) ** 0.5)/N, Average Aspect Ratio (height/width),Average Aspect Ratio min(height/width)/max(height/width), Pre processing Time(sec), Iteration Time(sec)
0, 1, 0.0086, -0.0004, 0.0112, 0.0056, 0.002803, 1.01226, 0.967832, 0.001, 3.8154
0, 2, 0.0029, 0.0001, 0.0032, 0.0016, 0.000808, 1.013164, 0.968675, 0.001, 4.0146
0, 3, 0.0029, 0.0001, 0.0032, 0.0016, 0.000808, 1.01306, 0.968574, 0.001, 4.1046
0, 4, 0.0029, 0.0001, 0.0032, 0.0016, 0.000808, 1.013073, 0.968586, 0.001, 3.649
1, 1, 0.0626, 0.0027, 0.0782, 0.0196, 0.00965, 1.184909, 0.654651, 0.014, 5.828
1, 2, 0.0137, -0.0019, 0.0223, 0.0056, 0.002865, 1.193386, 0.673553, 0.014, 5.7417
1, 3, 0.009, -0.0001, 0.0137, 0.0034, 0.001733, 1.194495, 0.675384, 0.014, 5.4915
2, 1, 0.1964, 0.0726, 0.2982, 0.0373, 0.015561, 1.252009, 0.658994, 0.0588, 8.704
2, 2, 0.1389, 0.0428, 0.2004, 0.025, 0.011761, 1.260973, 0.646602, 0.0588, 7.8237
3, 1, 0.1814, 0.0693, 0.277, 0.0173, 0.00739, 1.392363, 0.621806, 0.2455, 19.6069
3, 2, 0.159, 0.0635, 0.2336, 0.0146, 0.007385, 1.398149, 0.616827, 0.2455, 19.1118
3, 3, 0.1493, 0.063, 0.2238, 0.014, 0.006907, 1.394513, 0.608301, 0.2455, 18.586


Total Pre Processing Time(sec): 0.3193
Total Processing Time(sec): 106.7964