Preprocess the data once at each stage
Stage, Iteration, |UV-EV|/EV, UV/EV - 1, RMSE, MQE = (((|UV-EV|/EV) ** 2) ** 0.5)/N, Updated MQE = (((|UV-EV|/(UV+EV)) ** 2) ** 0.5)/N, Pre processing Time(sec), Iteration Time(sec)
0, 1, 0.0084, 0.0029, 0.0107, 0.0054, 0.002665, 1.076356, 0.912838, 0.001, 4.7064
0, 2, 0.003, 0.0025, 0.0037, 0.0019, 0.000929, 1.084449, 0.914326, 0.001, 4.6612
0, 3, 0.002, 0.0001, 0.0022, 0.0011, 0.000559, 1.081971, 0.916494, 0.001, 4.6445
0, 4, 0.002, 0.0001, 0.0022, 0.0011, 0.000559, 1.081971, 0.916494, 0.001, 4.2765
0, 5, 0.002, 0.0001, 0.0022, 0.0011, 0.000559, 1.081971, 0.916494, 0.001, 4.2174
1, 1, 0.123, -0.0022, 0.1397, 0.0349, 0.018895, 1.100374, 0.786159, 0.0153, 8.1166
1, 2, 0.0735, -0.0066, 0.0953, 0.0238, 0.012933, 1.116521, 0.802256, 0.0153, 7.6473
1, 3, 0.042, -0.0032, 0.056, 0.014, 0.007252, 1.11646, 0.794939, 0.0153, 7.0516
1, 4, 0.0269, -0.0002, 0.0371, 0.0093, 0.004641, 1.112464, 0.792827, 0.0153, 6.6955
2, 1, 0.1685, 0.0248, 0.2387, 0.0298, 0.014047, 1.173072, 0.709137, 0.0658, 12.6211
2, 2, 0.1234, 0.0089, 0.1989, 0.0249, 0.014089, 1.15805, 0.708138, 0.0658, 11.7242
2, 3, 0.1147, 0.0032, 0.1892, 0.0236, 0.015922, 1.151495, 0.70311, 0.0658, 10.5873
3, 1, 0.4396, 0.2136, 0.8212, 0.0513, 0.015768, 1.280251, 0.61879, 0.2666, 25.7474
3, 2, 0.3542, 0.1596, 0.6872, 0.043, 0.013629, 1.293956, 0.620886, 0.2666, 24.4821
4, 1, 144.3819, 144.1049, 1213.41, 37.9191, 0.012886, 1.452722, 0.581417, 1.0801, 76.2408
4, 2, 121.5709, 121.3003, 1051.2369, 32.8512, 0.012653, 1.464741, 0.578611, 1.0801, 47.3866
4, 3, 122.0136, 121.747, 1051.5294, 32.8603, 0.012597, 1.463664, 0.578835, 1.0801, 37.8711


Total Pre Processing Time(sec): 1.4289
Total Processing Time(sec): 300.1065