Preprocess the data once at each stage
Stage, Iteration, |UV-EV|/EV, UV/EV - 1, RMSE, MQE = (((|UV-EV|/EV) ** 2) ** 0.5)/N, Updated MQE = (((|UV-EV|/(UV+EV)) ** 2) ** 0.5)/N, Average Aspect Ratio (height/width),Average Aspect Ratio min(height/width)/max(height/width), Pre processing Time(sec), Iteration Time(sec)
0, 1, 0.0022, 0.0001, 0.0023, 0.0011, 0.000573, 1.000395, 0.884375, 0.001, 3.8776
0, 2, 0.0022, 0.0001, 0.0023, 0.0011, 0.000573, 1.000377, 0.884444, 0.001, 3.4079
0, 3, 0.0022, 0.0001, 0.0023, 0.0011, 0.000573, 1.000377, 0.884444, 0.001, 3.3422
0, 4, 0.0022, 0.0001, 0.0023, 0.0011, 0.000573, 1.000377, 0.884444, 0.001, 3.7616
0, 5, 0.0022, 0.0001, 0.0023, 0.0011, 0.000573, 1.000377, 0.884444, 0.001, 3.3203
0, 6, 0.0022, 0.0001, 0.0023, 0.0011, 0.000573, 1.000378, 0.884444, 0.001, 3.2297
1, 1, 0.0585, 0.0055, 0.0728, 0.0182, 0.009246, 0.984674, 0.811662, 0.017, 4.4909
1, 2, 0.0184, 0.0041, 0.0214, 0.0054, 0.00266, 0.990633, 0.796989, 0.017, 4.7455
1, 3, 0.0087, 0.0001, 0.0096, 0.0024, 0.001205, 0.993848, 0.796585, 0.017, 4.2808
1, 4, 0.0045, 0.0016, 0.0054, 0.0013, 0.000673, 0.993156, 0.796121, 0.017, 4.152
1, 5, 0.0037, 0.0015, 0.0045, 0.0011, 0.000566, 0.992834, 0.795945, 0.017, 4.2786
2, 1, 0.0727, 0.0119, 0.0947, 0.0118, 0.005848, 1.062493, 0.748193, 0.0588, 6.2259
2, 2, 0.0231, 0.004, 0.0272, 0.0034, 0.001694, 1.064968, 0.745198, 0.0588, 6.1483
2, 3, 0.0133, 0.0029, 0.0157, 0.002, 0.000976, 1.065732, 0.743227, 0.0588, 6.1254
2, 4, 0.0105, 0.002, 0.0122, 0.0015, 0.00076, 1.06567, 0.742872, 0.0588, 6.1483
3, 1, 0.0359, 0.0064, 0.0489, 0.0031, 0.001532, 1.065153, 0.749115, 0.2453, 11.6329
3, 2, 0.0178, 0.0043, 0.0219, 0.0014, 0.000683, 1.068534, 0.746048, 0.2453, 12.2948
3, 3, 0.0135, 0.0033, 0.0164, 0.001, 0.00051, 1.069455, 0.743751, 0.2453, 12.5289
4, 1, 0.0384, 0.0056, 0.0566, 0.0018, 0.000893, 1.078807, 0.735204, 0.9689, 30.5579
4, 2, 0.021, 0.0046, 0.029, 0.0009, 0.000455, 1.080242, 0.734199, 0.9689, 31.8362
5, 1, 0.0403, 0.0051, 0.0628, 0.001, 0.0005, 1.093661, 0.725338, 3.9509, 111.3741
5, 2, 0.0232, 0.0044, 0.0376, 0.0006, 0.000307, 1.094014, 0.724518, 3.9509, 120.6682
5, 3, 0.0182, 0.0042, 0.0299, 0.0005, 0.000252, 1.09423, 0.723328, 3.9509, 116.6486


Total Pre Processing Time(sec): 5.2419
Total Processing Time(sec): 520.3186

MSE : 2045.8107
PSNR : 15.0221
SSIM : 0.6457
