Preprocess the data once at each stage
Stage, Iteration, |UV-EV|/EV, UV/EV - 1, RMSE, MQE = (((|UV-EV|/EV) ** 2) ** 0.5)/N, Updated MQE = (((|UV-EV|/(UV+EV)) ** 2) ** 0.5)/N, Pre processing Time(sec), Iteration Time(sec)
0, 1, 0.002, 0.0001, 0.0022, 0.0011, 0.000559, 1.055131, 0.930902, 0.001, 3.9213
0, 2, 0.002, 0.0001, 0.0022, 0.0011, 0.000559, 1.055131, 0.930902, 0.001, 3.2716
0, 3, 0.002, 0.0001, 0.0022, 0.0011, 0.000559, 1.055131, 0.930902, 0.001, 3.2468
0, 4, 0.002, 0.0001, 0.0022, 0.0011, 0.000559, 1.055131, 0.930902, 0.001, 3.2478
0, 5, 0.002, 0.0001, 0.0022, 0.0011, 0.000559, 1.055131, 0.930902, 0.001, 3.2614
1, 1, 0.1387, 0.0212, 0.1704, 0.0426, 0.023156, 1.045532, 0.828261, 0.012, 6.8616
1, 2, 0.0684, -0.0003, 0.085, 0.0213, 0.01071, 1.125085, 0.828132, 0.012, 6.9879
1, 3, 0.0314, -0.0022, 0.0377, 0.0094, 0.004753, 1.161622, 0.835907, 0.012, 7.0819
1, 4, 0.0174, 0.0005, 0.0238, 0.006, 0.003027, 1.165612, 0.827046, 0.012, 7.2058
2, 1, 0.4472, 0.2453, 0.7912, 0.0989, 0.027552, 1.11291, 0.805983, 0.0588, 13.5672
2, 2, 0.3578, 0.1968, 0.6036, 0.0754, 0.023744, 1.086669, 0.792905, 0.0588, 13.2524
2, 3, 0.3174, 0.18, 0.5805, 0.0726, 0.022543, 1.110728, 0.791296, 0.0588, 14.7097
3, 1, 1.0175, 0.7516, 1.5875, 0.0992, 0.02232, 1.138316, 0.744789, 0.2437, 36.6438
3, 2, 1.0005, 0.7349, 1.5653, 0.0978, 0.022069, 1.146912, 0.739425, 0.2437, 35.2276
4, 1, 178.0935, 177.8297, 1061.2674, 33.1646, 0.016495, 1.163288, 0.726766, 0.9496, 110.808
4, 2, 175.3865, 175.1257, 1053.4013, 32.9188, 0.016438, 1.169096, 0.723442, 0.9496, 115.5692
4, 3, 175.3325, 175.073, 1060.048, 33.1265, 0.016363, 1.177341, 0.717116, 0.9496, 125.2066


Total Pre Processing Time(sec): 1.2652
Total Processing Time(sec): 511.3357