Preprocess the data once at each stage
Stage, Iteration, |UV-EV|/EV, UV/EV - 1, RMSE, MQE = (((|UV-EV|/EV) ** 2) ** 0.5)/N, Updated MQE = (((|UV-EV|/(UV+EV)) ** 2) ** 0.5)/N, Average Aspect Ratio (height/width),Average Aspect Ratio min(height/width)/max(height/width), Pre processing Time(sec), Iteration Time(sec)
0, 1, 0.0016, -0.0, 0.002, 0.001, 0.000488, 0.981254, 0.936972, 0.001, 3.579
0, 2, 0.0016, -0.0, 0.002, 0.001, 0.000488, 0.981251, 0.93709, 0.001, 3.8603
0, 3, 0.0016, -0.0, 0.002, 0.001, 0.000488, 0.981252, 0.937089, 0.001, 3.7366
0, 4, 0.0016, -0.0, 0.002, 0.001, 0.000488, 0.981252, 0.937089, 0.001, 3.7385
0, 5, 0.0016, -0.0, 0.002, 0.001, 0.000488, 0.981253, 0.937089, 0.001, 3.971
0, 6, 0.0016, -0.0, 0.002, 0.001, 0.000488, 0.981253, 0.937089, 0.001, 3.8316
1, 1, 0.0994, -0.0285, 0.1389, 0.0347, 0.018997, 1.172863, 0.698665, 0.014, 5.9573
1, 2, 0.0677, -0.0041, 0.0806, 0.0201, 0.010259, 1.187089, 0.707532, 0.014, 5.2869
1, 3, 0.0457, -0.0029, 0.0541, 0.0135, 0.006879, 1.204965, 0.683145, 0.014, 5.9329
1, 4, 0.0324, -0.0007, 0.0428, 0.0107, 0.005478, 1.219347, 0.672211, 0.014, 5.5721
1, 5, 0.0247, -0.0018, 0.0378, 0.0094, 0.004887, 1.234719, 0.670118, 0.014, 5.615
2, 1, 0.2095, 0.0743, 0.2632, 0.0329, 0.015589, 1.189534, 0.645259, 0.0601, 10.1729
2, 2, 0.1441, 0.0523, 0.1749, 0.0219, 0.010653, 1.221591, 0.633324, 0.0601, 9.1413
2, 3, 0.1142, 0.0362, 0.1493, 0.0187, 0.009409, 1.252523, 0.619499, 0.0601, 9.2254
2, 4, 0.1036, 0.0289, 0.141, 0.0176, 0.009121, 1.257289, 0.621188, 0.0601, 8.6583
3, 1, 0.1726, 0.0578, 0.2438, 0.0152, 0.007542, 1.297303, 0.606386, 0.2463, 23.269
3, 2, 0.1267, 0.0485, 0.1811, 0.0113, 0.006005, 1.31758, 0.605917, 0.2463, 23.226
3, 3, 0.1159, 0.0465, 0.1634, 0.0102, 0.005531, 1.348442, 0.601913, 0.2463, 22.5335
4, 1, 0.1579, 0.0559, 0.2522, 0.0079, 0.003679, 1.421233, 0.581994, 0.9784, 79.8126
4, 2, 0.1304, 0.053, 0.2147, 0.0067, 0.003267, 1.422156, 0.582701, 0.9784, 76.0706
5, 1, 0.1601, 0.0626, 0.2622, 0.0041, 0.001925, 1.461687, 0.573593, 4.0343, 309.9767
5, 2, 0.1345, 0.059, 0.2362, 0.0037, 0.001741, 1.459128, 0.572524, 4.0343, 356.3441
5, 3, 0.129, 0.0588, 0.2327, 0.0036, 0.001719, 1.460019, 0.571796, 4.0343, 320.0635


Total Pre Processing Time(sec): 5.334
Total Processing Time(sec): 1304.9091

Image Processing Time : 4.672