Preprocess the data once at each stage
Stage, Iteration, |UV-EV|/EV, UV/EV - 1, RMSE, MQE = (((|UV-EV|/EV) ** 2) ** 0.5)/N, Updated MQE = (((|UV-EV|/(UV+EV)) ** 2) ** 0.5)/N, Average Aspect Ratio (height/width),Average Aspect Ratio min(height/width)/max(height/width), Pre processing Time(sec), Iteration Time(sec)
0, 1, 0.0033, 0.0, 0.0033, 0.0017, 0.000835, 1.001276, 0.9907, 0.001, 3.6767
0, 2, 0.0033, 0.0, 0.0033, 0.0017, 0.000835, 1.001276, 0.9907, 0.001, 3.6281
0, 3, 0.0033, 0.0, 0.0033, 0.0017, 0.000835, 1.001276, 0.9907, 0.001, 3.6353
0, 4, 0.0033, 0.0, 0.0033, 0.0017, 0.000835, 1.001276, 0.9907, 0.001, 3.649
0, 5, 0.0033, 0.0, 0.0033, 0.0017, 0.000835, 1.001276, 0.9907, 0.001, 3.646
0, 6, 0.0033, 0.0, 0.0033, 0.0017, 0.000835, 1.001276, 0.9907, 0.001, 3.6521
1, 1, 0.0077, 0.0006, 0.0094, 0.0023, 0.001172, 1.001197, 0.976688, 0.013, 5.969
1, 2, 0.0027, 0.0019, 0.0033, 0.0008, 0.000408, 1.000768, 0.971576, 0.013, 5.8506
1, 3, 0.0025, 0.0013, 0.003, 0.0007, 0.000369, 0.99999, 0.971312, 0.013, 5.8589
1, 4, 0.0025, 0.0006, 0.0029, 0.0007, 0.000364, 0.99981, 0.970968, 0.013, 5.8656
1, 5, 0.0025, 0.0006, 0.0029, 0.0007, 0.000364, 0.999765, 0.97085, 0.013, 5.7608
2, 1, 0.0105, 0.0008, 0.013, 0.0016, 0.000813, 1.005835, 0.959541, 0.0588, 10.3716
2, 2, 0.0066, -0.0001, 0.0076, 0.001, 0.000477, 1.002777, 0.95802, 0.0588, 10.2432
2, 3, 0.0046, 0.0002, 0.0056, 0.0007, 0.000349, 1.000316, 0.95782, 0.0588, 10.291
2, 4, 0.0036, 0.0002, 0.0042, 0.0005, 0.000265, 0.998432, 0.957449, 0.0588, 10.2612
3, 1, 0.0209, -0.0001, 0.0254, 0.0016, 0.000793, 1.010778, 0.917627, 0.2443, 23.8652
3, 2, 0.0112, 0.0002, 0.0135, 0.0008, 0.000421, 1.010302, 0.919975, 0.2443, 25.338
3, 3, 0.0072, 0.0, 0.0089, 0.0006, 0.000278, 1.012245, 0.917847, 0.2443, 26.2513
4, 1, 0.0424, 0.0014, 0.0558, 0.0017, 0.000869, 1.025266, 0.865681, 0.9783, 84.959
4, 2, 0.0244, 0.0011, 0.0311, 0.001, 0.000486, 1.021189, 0.862836, 0.9783, 87.3176
5, 1, 0.1119, 0.0119, 0.1557, 0.0024, 0.001149, 1.080317, 0.760842, 4.0127, 319.3458
5, 2, 0.0661, 0.0077, 0.0929, 0.0015, 0.000697, 1.08564, 0.759461, 4.0127, 291.5992
5, 3, 0.0511, 0.0061, 0.0746, 0.0012, 0.000564, 1.088204, 0.757001, 4.0127, 276.4236


Total Pre Processing Time(sec): 5.3081
Total Processing Time(sec): 1232.7669

MSE : 158.0973
PSNR : 26.1416
SSIM : 0.8691
