Preprocess the data once at each stage
Stage, Iteration, |UV-EV|/EV, UV/EV - 1, RMSE, MQE = (((|UV-EV|/EV) ** 2) ** 0.5)/N, Updated MQE = (((|UV-EV|/(UV+EV)) ** 2) ** 0.5)/N, Average Aspect Ratio (height/width),Average Aspect Ratio min(height/width)/max(height/width), Pre processing Time(sec), Iteration Time(sec)
0, 1, 0.0036, 0.0, 0.0037, 0.0018, 0.000917, 1.010522, 0.977122, 0.001, 3.5254
0, 2, 0.0036, 0.0, 0.0037, 0.0018, 0.000917, 1.010522, 0.977121, 0.001, 3.5275
0, 3, 0.0036, 0.0, 0.0037, 0.0018, 0.000917, 1.010522, 0.977121, 0.001, 3.6463
0, 4, 0.0036, 0.0, 0.0037, 0.0018, 0.000917, 1.010522, 0.977121, 0.001, 3.6303
0, 5, 0.0036, 0.0, 0.0037, 0.0018, 0.000917, 1.010522, 0.977121, 0.001, 3.5241
1, 1, 0.0139, 0.0006, 0.0173, 0.0043, 0.002166, 1.012243, 0.952003, 0.014, 5.7172
1, 2, 0.0046, -0.0, 0.0059, 0.0015, 0.000733, 1.000912, 0.947267, 0.014, 5.7165
1, 3, 0.0029, -0.0007, 0.0037, 0.0009, 0.000458, 0.999727, 0.945512, 0.014, 5.8535
1, 4, 0.0023, 0.0006, 0.0028, 0.0007, 0.000348, 0.999324, 0.944747, 0.014, 5.7017
2, 1, 0.0162, -0.0001, 0.0189, 0.0024, 0.001183, 1.019802, 0.920594, 0.0618, 9.6406
2, 2, 0.0084, 0.0001, 0.01, 0.0013, 0.000628, 1.020853, 0.921082, 0.0618, 9.8688
2, 3, 0.005, 0.0003, 0.006, 0.0008, 0.000377, 1.018054, 0.92194, 0.0618, 9.7667
3, 1, 0.0414, -0.0004, 0.0525, 0.0033, 0.001642, 1.035537, 0.852965, 0.2426, 21.5655
3, 2, 0.0194, -0.0005, 0.0244, 0.0015, 0.000767, 1.03225, 0.851164, 0.2426, 21.9444
4, 1, 0.1041, 0.0091, 0.1509, 0.0047, 0.002283, 1.076218, 0.755512, 0.9545, 79.0403
4, 2, 0.0584, 0.0058, 0.0957, 0.003, 0.001496, 1.077066, 0.75323, 0.9545, 79.2128
4, 3, 0.045, 0.004, 0.0774, 0.0024, 0.001262, 1.077552, 0.748908, 0.9545, 70.8143


Total Pre Processing Time(sec): 1.2739
Total Processing Time(sec): 343.9698

MSE : 452.4713
PSNR : 21.5749
SSIM : 0.4803
