Preprocess the data once at each stage
Stage, Iteration, |UV-EV|/EV, UV/EV - 1, RMSE, MQE = (((|UV-EV|/EV) ** 2) ** 0.5)/N, Updated MQE = (((|UV-EV|/(UV+EV)) ** 2) ** 0.5)/N, Average Aspect Ratio (height/width),Average Aspect Ratio min(height/width)/max(height/width), Pre processing Time(sec), Iteration Time(sec)
0, 1, 0.0036, 0.0, 0.0037, 0.0018, 0.000917, 1.010522, 0.977122, 0.0, 3.6632
0, 2, 0.0036, 0.0, 0.0037, 0.0018, 0.000917, 1.010522, 0.977121, 0.0, 3.6157
0, 3, 0.0036, 0.0, 0.0037, 0.0018, 0.000917, 1.010522, 0.977121, 0.0, 3.6352
0, 4, 0.0036, 0.0, 0.0037, 0.0018, 0.000917, 1.010522, 0.977121, 0.0, 3.756
0, 5, 0.0036, 0.0, 0.0037, 0.0018, 0.000917, 1.010522, 0.977121, 0.0, 3.6162
1, 1, 0.0139, 0.0006, 0.0173, 0.0043, 0.002166, 1.012243, 0.952003, 0.013, 5.8453
1, 2, 0.0046, -0.0, 0.0059, 0.0015, 0.000733, 1.000912, 0.947267, 0.013, 6.4374
1, 3, 0.0029, -0.0007, 0.0037, 0.0009, 0.000458, 0.999727, 0.945512, 0.013, 5.7077
1, 4, 0.0023, 0.0006, 0.0028, 0.0007, 0.000348, 0.999324, 0.944747, 0.013, 5.7072
2, 1, 0.0162, -0.0001, 0.0189, 0.0024, 0.001183, 1.019802, 0.920594, 0.0598, 9.6483
2, 2, 0.0084, 0.0001, 0.01, 0.0013, 0.000628, 1.020853, 0.921082, 0.0598, 9.7905
2, 3, 0.005, 0.0003, 0.006, 0.0008, 0.000377, 1.018054, 0.92194, 0.0598, 9.8903
3, 1, 0.0414, -0.0004, 0.0525, 0.0033, 0.001642, 1.035537, 0.852965, 0.2508, 22.1595
3, 2, 0.0194, -0.0005, 0.0244, 0.0015, 0.000767, 1.03225, 0.851164, 0.2508, 23.0398
4, 1, 0.1041, 0.0091, 0.1509, 0.0047, 0.002283, 1.076218, 0.755512, 0.9716, 77.1737
4, 2, 0.0584, 0.0058, 0.0957, 0.003, 0.001496, 1.077066, 0.75323, 0.9716, 72.1938
4, 3, 0.045, 0.004, 0.0774, 0.0024, 0.001262, 1.077552, 0.748908, 0.9716, 70.765


Total Pre Processing Time(sec): 1.2952
Total Processing Time(sec): 337.9399

MSE : 217.6133
PSNR : 24.7539
SSIM : 0.856
