Preprocess the data once at each stage
Stage, Iteration, |UV-EV|/EV, UV/EV - 1, RMSE, MQE = (((|UV-EV|/EV) ** 2) ** 0.5)/N, Updated MQE = (((|UV-EV|/(UV+EV)) ** 2) ** 0.5)/N, Average Aspect Ratio (height/width),Average Aspect Ratio min(height/width)/max(height/width), Pre processing Time(sec), Iteration Time(sec)
0, 1, 0.0029, -0.0, 0.0035, 0.0018, 0.000877, 1.001092, 0.996666, 0.0, 3.4387
0, 2, 0.0026, 0.0025, 0.0031, 0.0015, 0.000763, 1.002187, 0.9966, 0.0, 3.5313
0, 3, 0.0026, 0.0025, 0.0031, 0.0015, 0.000763, 1.001986, 0.996707, 0.0, 3.5028
0, 4, 0.0026, 0.0025, 0.0031, 0.0015, 0.000763, 1.002011, 0.996693, 0.0, 3.6342
0, 5, 0.0026, 0.0025, 0.0031, 0.0015, 0.000763, 1.002008, 0.996695, 0.0, 3.6154
0, 6, 0.0026, 0.0025, 0.0031, 0.0015, 0.000763, 1.002009, 0.996695, 0.0, 3.618
1, 1, 0.0052, -0.0006, 0.0062, 0.0015, 0.000771, 0.992264, 0.987914, 0.013, 5.6999
1, 2, 0.0027, 0.0012, 0.0033, 0.0008, 0.000415, 0.991962, 0.988827, 0.013, 5.7007
1, 3, 0.0023, 0.0006, 0.0027, 0.0007, 0.000338, 0.991992, 0.988461, 0.013, 5.6864
1, 4, 0.0023, -0.0, 0.0026, 0.0007, 0.000328, 0.992004, 0.98815, 0.013, 5.5869
1, 5, 0.0023, -0.0, 0.0026, 0.0007, 0.000328, 0.992009, 0.987987, 0.013, 5.5687
2, 1, 0.0076, -0.0005, 0.0092, 0.0012, 0.000577, 0.999709, 0.96787, 0.0568, 9.5411
2, 2, 0.0042, -0.0003, 0.0052, 0.0006, 0.000323, 0.998612, 0.96545, 0.0568, 9.7668
2, 3, 0.003, -0.0003, 0.0036, 0.0005, 0.000227, 0.998078, 0.96433, 0.0568, 9.7638
2, 4, 0.0027, 0.0, 0.0032, 0.0004, 0.000199, 0.997884, 0.963567, 0.0568, 9.8911
3, 1, 0.0171, 0.0003, 0.0223, 0.0014, 0.000697, 1.010826, 0.928578, 0.2473, 21.2562
3, 2, 0.0091, 0.0002, 0.012, 0.0007, 0.000376, 1.007458, 0.929239, 0.2473, 21.5474
3, 3, 0.0063, -0.0, 0.0086, 0.0005, 0.000272, 1.00551, 0.928229, 0.2473, 24.9436
4, 1, 0.0445, 0.0011, 0.0591, 0.0018, 0.00091, 1.020065, 0.859558, 0.9695, 74.2462
4, 2, 0.0247, 0.0009, 0.0321, 0.001, 0.000499, 1.014667, 0.86036, 0.9695, 76.5988
5, 1, 0.11, 0.0096, 0.1546, 0.0024, 0.001153, 1.077584, 0.761328, 3.829, 305.8001
5, 2, 0.0627, 0.0069, 0.0963, 0.0015, 0.000704, 1.080776, 0.758249, 3.829, 275.8687
5, 3, 0.0488, 0.0057, 0.0795, 0.0012, 0.00057, 1.083417, 0.755835, 3.829, 267.9974


Total Pre Processing Time(sec): 5.1156
Total Processing Time(sec): 1161.9197

MSE : 109.3402
PSNR : 27.743
SSIM : 0.8846
