1.0000, 1.0000, 1.0000, 1.0000, 1.0000, 1.0000, 1.0000, 1.0000, 1.0000, 1.0000, 1.0000, 1.0000, 1.0000, 1.0000, 1.0000, 1.0000, 
1.0000, 1.0000, 1.0000, 1.0000, 1.0000, 1.0000, 1.0000, 1.0000, 1.0000, 1.0000, 1.0000, 1.0000, 1.0000, 1.0000, 1.0000, 1.0000, 
1.0000, 1.0000, 1.0000, 1.0000, 1.0000, 1.0000, 1.0000, 1.0000, 1.0000, 1.0000, 1.0000, 1.0000, 1.0000, 1.0000, 1.0000, 1.0000, 
1.0000, 1.0000, 1.0000, 1.0000, 1.0000, 1.0000, 1.0000, 1.0000, 1.0000, 1.0000, 1.0000, 1.0000, 1.0000, 1.0000, 1.0000, 1.0000, 
1.0000, 1.0000, 1.0000, 1.0000, 1.0000, 1.0000, 1.0000, 1.0000, 1.0000, 1.0000, 1.0000, 1.0000, 1.0000, 1.0000, 1.0000, 1.0000, 
1.0000, 1.9924, 1.1308, 1.0000, 1.9752, 1.0653, 1.0000, 1.1982, 1.3918, 1.0000, 1.0000, 1.0000, 1.3689, 1.6101, 1.0000, 1.0000, 
1.0000, 6.7574, 3.9527, 1.0658, 9.0795, 1.0469, 1.0000, 4.4724, 7.1787, 1.0000, 1.0000, 2.8189, 9.4880, 7.5439, 1.3472, 1.0000, 
1.0000, 3.4971, 7.0432, 3.2067, 6.5495, 1.0000, 1.0000, 4.4724, 7.1731, 1.0000, 1.0000, 3.4435, 9.7786, 3.2016, 1.0000, 1.0000, 
1.0000, 1.1031, 9.2479, 6.4901, 3.1782, 1.0000, 1.0000, 4.4724, 7.1731, 1.0000, 1.0000, 1.0000, 3.5683, 10.0000, 3.1901, 1.0000, 
1.0000, 1.0000, 6.7041, 9.4983, 1.0281, 1.0000, 1.0000, 4.4724, 7.1731, 1.0000, 1.0000, 3.8871, 5.9497, 9.4145, 2.7901, 1.0000, 
1.0000, 1.0000, 1.4069, 1.8094, 1.0000, 1.0000, 1.0000, 1.3391, 1.6450, 1.0000, 1.0000, 1.0841, 3.2607, 2.1415, 1.0000, 1.0000, 
1.0000, 1.0000, 1.0000, 1.0000, 1.0000, 1.0000, 1.0000, 1.0000, 1.0000, 1.0000, 1.0000, 1.0000, 1.0000, 1.0000, 1.0000, 1.0000, 
1.0000, 1.0000, 1.0000, 1.0000, 1.0000, 1.0000, 1.0000, 1.0000, 1.0000, 1.0000, 1.0000, 1.0000, 1.0000, 1.0000, 1.0000, 1.0000, 
1.0000, 1.0000, 1.0000, 1.0000, 1.0000, 1.0000, 1.0000, 1.0000, 1.0000, 1.0000, 1.0000, 1.0000, 1.0000, 1.0000, 1.0000, 1.0000, 
1.0000, 1.0000, 1.0000, 1.0000, 1.0000, 1.0000, 1.0000, 1.0000, 1.0000, 1.0000, 1.0000, 1.0000, 1.0000, 1.0000, 1.0000, 1.0000, 
1.0000, 1.0000, 1.0000, 1.0000, 1.0000, 1.0000, 1.0000, 1.0000, 1.0000, 1.0000, 1.0000, 1.0000, 1.0000, 1.0000, 1.0000, 1.0000