Preprocess the data once at each stage
Stage, Iteration, |UV-EV|/EV, UV/EV - 1, RMSE, MQE = (((|UV-EV|/EV) ** 2) ** 0.5)/N, Updated MQE = (((|UV-EV|/(UV+EV)) ** 2) ** 0.5)/N, Average Aspect Ratio (height/width),Average Aspect Ratio min(height/width)/max(height/width), Pre processing Time(sec), Iteration Time(sec)
0, 1, 0.0051, -0.0012, 0.0055, 0.0028, 0.001378, 1.046632, 0.760149, 0.002, 0.533
0, 2, 0.0042, -0.0012, 0.0047, 0.0024, 0.001183, 1.046119, 0.7583, 0.002, 0.6035
0, 3, 0.0042, -0.0012, 0.0047, 0.0024, 0.001183, 1.046148, 0.758404, 0.002, 0.6026
0, 4, 0.0042, -0.0012, 0.0047, 0.0024, 0.001183, 1.046146, 0.758398, 0.002, 0.6161
0, 5, 0.0042, -0.0012, 0.0047, 0.0024, 0.001183, 1.046147, 0.758399, 0.002, 0.6093
0, 6, 0.0042, -0.0012, 0.0047, 0.0024, 0.001183, 1.046147, 0.758398, 0.002, 0.4993
1, 1, 0.1144, 0.047, 0.1523, 0.0381, 0.016899, 1.114954, 0.722218, 0.0206, 1.6244
1, 2, 0.0358, 0.0077, 0.0402, 0.0101, 0.004955, 1.134731, 0.684015, 0.0206, 1.6427
1, 3, 0.0098, 0.0018, 0.0131, 0.0033, 0.001621, 1.13835, 0.668236, 0.0206, 1.6335
1, 4, 0.005, -0.0022, 0.0075, 0.0019, 0.000947, 1.140455, 0.66525, 0.0206, 1.5432
1, 5, 0.004, -0.0017, 0.007, 0.0017, 0.000883, 1.141176, 0.664562, 0.0206, 1.6372
2, 1, 0.0405, 0.0132, 0.0558, 0.007, 0.003322, 1.172857, 0.66092, 0.0752, 3.3846
2, 2, 0.0189, 0.0086, 0.0292, 0.0037, 0.001768, 1.159265, 0.662447, 0.0752, 3.3913
2, 3, 0.0141, 0.0063, 0.0212, 0.0027, 0.001296, 1.156536, 0.661901, 0.0752, 3.4124
2, 4, 0.0108, 0.0056, 0.0164, 0.0021, 0.001007, 1.153633, 0.660145, 0.0752, 3.4106
3, 1, 0.0434, 0.0136, 0.07, 0.0044, 0.00221, 1.166114, 0.661671, 0.3139, 7.0522
3, 2, 0.0254, 0.0096, 0.0415, 0.0026, 0.001265, 1.165196, 0.661163, 0.3139, 7.0805
3, 3, 0.0188, 0.0075, 0.0317, 0.002, 0.000975, 1.167573, 0.661478, 0.3139, 6.9768
4, 1, 0.0412, 0.0113, 0.0723, 0.0023, 0.00108, 1.169666, 0.654434, 1.2723, 18.5071
4, 2, 0.0271, 0.0096, 0.0513, 0.0016, 0.000776, 1.168634, 0.654234, 1.2723, 17.9037
5, 1, 0.0376, 0.0109, 0.0637, 0.001, 0.000495, 1.175044, 0.652333, 5.0706, 52.3643
5, 2, 0.0259, 0.0098, 0.0469, 0.0007, 0.000364, 1.173049, 0.653045, 5.0706, 52.3798
5, 3, 0.023, 0.0094, 0.0429, 0.0007, 0.000334, 1.171946, 0.653317, 5.0706, 56.91


Total Pre Processing Time(sec): 6.7546
Total Processing Time(sec): 251.0729

MSE : 445.6786
PSNR : 21.6406
SSIM : 0.6227
