Preprocess the data once at each stage
Stage, Iteration, |UV-EV|/EV, UV/EV - 1, RMSE, MQE = (((|UV-EV|/EV) ** 2) ** 0.5)/N, Updated MQE = (((|UV-EV|/(UV+EV)) ** 2) ** 0.5)/N, Average Aspect Ratio (height/width),Average Aspect Ratio min(height/width)/max(height/width), Pre processing Time(sec), Iteration Time(sec)
0, 1, 0.0435, -0.0059, 0.054, 0.027, 0.014067, 1.067306, 0.82811, 0.001, 0.6066
0, 2, 0.0092, -0.0009, 0.0105, 0.0053, 0.002624, 1.103016, 0.811324, 0.001, 0.5965
0, 3, 0.0046, 0.0002, 0.0054, 0.0027, 0.001351, 1.093837, 0.812351, 0.001, 0.5932
0, 4, 0.0042, -0.0011, 0.005, 0.0025, 0.001259, 1.095313, 0.812123, 0.001, 0.6006
0, 5, 0.0042, -0.0011, 0.005, 0.0025, 0.001259, 1.095056, 0.812161, 0.001, 0.598
0, 6, 0.0042, -0.0011, 0.005, 0.0025, 0.001259, 1.095101, 0.812154, 0.001, 0.5986
1, 1, 0.1161, 0.0313, 0.1466, 0.0366, 0.017994, 1.123266, 0.706009, 0.0178, 1.4171
1, 2, 0.0908, 0.0303, 0.1151, 0.0288, 0.014417, 1.143777, 0.702604, 0.0178, 1.221
1, 3, 0.0868, 0.0312, 0.1025, 0.0256, 0.012631, 1.137873, 0.703932, 0.0178, 1.0264
1, 4, 0.0864, 0.0318, 0.0964, 0.0241, 0.0118, 1.13639, 0.703142, 0.0178, 1.0189
1, 5, 0.0859, 0.0324, 0.0942, 0.0235, 0.011476, 1.137285, 0.699881, 0.0178, 1.1191
2, 1, 0.1265, 0.05, 0.1444, 0.0181, 0.008614, 1.180189, 0.66142, 0.0742, 3.1505
2, 2, 0.0977, 0.05, 0.1149, 0.0144, 0.006759, 1.198585, 0.642565, 0.0742, 3.1518
2, 3, 0.0953, 0.0484, 0.1096, 0.0137, 0.006513, 1.217983, 0.628213, 0.0742, 3.1523
2, 4, 0.0924, 0.0451, 0.1077, 0.0135, 0.006434, 1.224132, 0.624323, 0.0742, 2.9495
3, 1, 0.1192, 0.0483, 0.1561, 0.0098, 0.004727, 1.272597, 0.623733, 0.3136, 6.6298
3, 2, 0.0994, 0.046, 0.1259, 0.0079, 0.00396, 1.309983, 0.617581, 0.3136, 6.4363
3, 3, 0.0928, 0.0444, 0.1174, 0.0073, 0.003747, 1.339038, 0.613978, 0.3136, 6.4033
4, 1, 0.1194, 0.0488, 0.1859, 0.0058, 0.002932, 1.341849, 0.6074, 1.2527, 16.9841
4, 2, 0.0968, 0.0452, 0.1441, 0.0045, 0.002363, 1.346874, 0.608125, 1.2527, 16.8903
5, 1, 0.1195, 0.0512, 0.1939, 0.003, 0.001466, 1.391503, 0.600789, 5.1382, 49.6361
5, 2, 0.1016, 0.0492, 0.1642, 0.0026, 0.001312, 1.400876, 0.599502, 5.1382, 49.4113
5, 3, 0.0965, 0.048, 0.1593, 0.0025, 0.001281, 1.409759, 0.598307, 5.1382, 72.9981


Total Pre Processing Time(sec): 6.7975
Total Processing Time(sec): 253.9868

MSE : 2564.6565
PSNR : 14.0405
SSIM : 0.4696
