Preprocess the data once at each stage
Stage, Iteration, |UV-EV|/EV, UV/EV - 1, RMSE, MQE = (((|UV-EV|/EV) ** 2) ** 0.5)/N, Updated MQE = (((|UV-EV|/(UV+EV)) ** 2) ** 0.5)/N, Average Aspect Ratio (height/width),Average Aspect Ratio min(height/width)/max(height/width), Pre processing Time(sec), Iteration Time(sec)
0, 1, 0.0017, 0.0, 0.0017, 0.0009, 0.000428, 1.004394, 0.994832, 0.0027, 0.5254
0, 2, 0.0017, 0.0, 0.0017, 0.0009, 0.000428, 1.005077, 0.994473, 0.0027, 0.5028
0, 3, 0.0017, 0.0, 0.0017, 0.0009, 0.000428, 1.00499, 0.994518, 0.0027, 0.597
0, 4, 0.0017, 0.0, 0.0017, 0.0009, 0.000428, 1.005001, 0.994512, 0.0027, 0.6009
0, 5, 0.0017, 0.0, 0.0017, 0.0009, 0.000428, 1.005, 0.994513, 0.0027, 0.4928
0, 6, 0.0017, 0.0, 0.0017, 0.0009, 0.000428, 1.005, 0.994513, 0.0027, 0.6094
1, 1, 0.0033, 0.0, 0.0037, 0.0009, 0.000466, 1.003317, 0.993432, 0.0201, 1.6476
1, 2, 0.003, 0.0006, 0.0034, 0.0009, 0.000429, 1.003362, 0.993471, 0.0201, 1.6362
1, 3, 0.003, 0.0012, 0.0033, 0.0008, 0.000415, 1.003253, 0.993381, 0.0201, 1.5324
1, 4, 0.003, 0.0012, 0.0033, 0.0008, 0.000415, 1.00321, 0.993359, 0.0201, 1.5413
1, 5, 0.003, 0.0012, 0.0033, 0.0008, 0.000415, 1.0032, 0.993352, 0.0201, 1.6192
2, 1, 0.0033, 0.0011, 0.0037, 0.0005, 0.000233, 1.004013, 0.992529, 0.0772, 3.5876
2, 2, 0.0032, 0.0014, 0.0035, 0.0004, 0.000219, 1.004073, 0.992339, 0.0772, 3.6099
2, 3, 0.0031, 0.0012, 0.0034, 0.0004, 0.000215, 1.003992, 0.992333, 0.0772, 3.604
2, 4, 0.0031, 0.0012, 0.0034, 0.0004, 0.000215, 1.003932, 0.992344, 0.0772, 3.7837
3, 1, 0.0034, 0.0012, 0.0038, 0.0002, 0.000118, 1.003764, 0.992176, 0.3253, 7.4955
3, 2, 0.0032, 0.0014, 0.0035, 0.0002, 0.00011, 1.003715, 0.992157, 0.3253, 6.7774
3, 3, 0.0032, 0.0014, 0.0035, 0.0002, 0.00011, 1.003694, 0.992114, 0.3253, 6.8431
4, 1, 0.0035, 0.0013, 0.0038, 0.0001, 6e-05, 1.003721, 0.991953, 1.2701, 17.9699
4, 2, 0.0034, 0.0016, 0.0037, 0.0001, 5.7e-05, 1.003632, 0.991991, 1.2701, 17.9848
5, 1, 0.0036, 0.0014, 0.0039, 0.0001, 3.1e-05, 1.003649, 0.991609, 5.0332, 55.9041
5, 2, 0.0035, 0.0018, 0.0038, 0.0001, 2.9e-05, 1.003642, 0.991595, 5.0332, 61.738
5, 3, 0.0035, 0.0019, 0.0037, 0.0001, 2.9e-05, 1.003631, 0.991587, 5.0332, 52.1017


Total Pre Processing Time(sec): 6.7285
Total Processing Time(sec): 259.433

MSE : 225.4991
PSNR : 24.5994
SSIM : 0.8356
