Preprocess the data once at each stage
Stage, Iteration, |UV-EV|/EV, UV/EV - 1, RMSE, MQE = (((|UV-EV|/EV) ** 2) ** 0.5)/N, Updated MQE = (((|UV-EV|/(UV+EV)) ** 2) ** 0.5)/N, Average Aspect Ratio (height/width),Average Aspect Ratio min(height/width)/max(height/width), Pre processing Time(sec), Iteration Time(sec)
0, 1, 0.0051, -0.0012, 0.0055, 0.0028, 0.001378, 1.046632, 0.760149, 0.0012, 0.5309
0, 2, 0.0042, -0.0012, 0.0047, 0.0024, 0.001183, 1.046119, 0.7583, 0.0012, 0.6023
0, 3, 0.0042, -0.0012, 0.0047, 0.0024, 0.001183, 1.046148, 0.758404, 0.0012, 0.7014
0, 4, 0.0042, -0.0012, 0.0047, 0.0024, 0.001183, 1.046146, 0.758398, 0.0012, 0.5899
0, 5, 0.0042, -0.0012, 0.0047, 0.0024, 0.001183, 1.046147, 0.758399, 0.0012, 0.5973
0, 6, 0.0042, -0.0012, 0.0047, 0.0024, 0.001183, 1.046147, 0.758398, 0.0012, 0.7506
1, 1, 0.1144, 0.047, 0.1523, 0.0381, 0.016899, 1.114954, 0.722218, 0.0208, 1.7132
1, 2, 0.0358, 0.0077, 0.0402, 0.0101, 0.004955, 1.134731, 0.684015, 0.0208, 1.6615
1, 3, 0.0098, 0.0018, 0.0131, 0.0033, 0.001621, 1.13835, 0.668236, 0.0208, 1.7395
1, 4, 0.005, -0.0022, 0.0075, 0.0019, 0.000947, 1.140455, 0.66525, 0.0208, 1.7399
1, 5, 0.004, -0.0017, 0.007, 0.0017, 0.000883, 1.141176, 0.664562, 0.0208, 1.6281
2, 1, 0.0405, 0.0132, 0.0558, 0.007, 0.003322, 1.172857, 0.66092, 0.0813, 3.5823
2, 2, 0.0189, 0.0086, 0.0292, 0.0037, 0.001768, 1.159265, 0.662447, 0.0813, 3.476
2, 3, 0.0141, 0.0063, 0.0212, 0.0027, 0.001296, 1.156536, 0.661901, 0.0813, 3.5289
2, 4, 0.0108, 0.0056, 0.0164, 0.0021, 0.001007, 1.153633, 0.660145, 0.0813, 3.5374
3, 1, 0.0434, 0.0136, 0.07, 0.0044, 0.00221, 1.166114, 0.661671, 0.3782, 6.9655
3, 2, 0.0254, 0.0096, 0.0415, 0.0026, 0.001265, 1.165196, 0.661163, 0.3782, 7.1017
3, 3, 0.0188, 0.0075, 0.0317, 0.002, 0.000975, 1.167573, 0.661478, 0.3782, 6.9896
4, 1, 0.0412, 0.0113, 0.0723, 0.0023, 0.00108, 1.169666, 0.654434, 1.2963, 17.7445
4, 2, 0.0271, 0.0096, 0.0513, 0.0016, 0.000776, 1.168634, 0.654234, 1.2963, 18.533
5, 1, 0.0376, 0.0109, 0.0637, 0.001, 0.000495, 1.175044, 0.652333, 5.7467, 52.935
5, 2, 0.0259, 0.0098, 0.0469, 0.0007, 0.000364, 1.173049, 0.653045, 5.7467, 52.9512
5, 3, 0.023, 0.0094, 0.0429, 0.0007, 0.000334, 1.171946, 0.653317, 5.7467, 57.4912


Total Pre Processing Time(sec): 7.5244
Total Processing Time(sec): 254.6153

MSE : 1501.7405
PSNR : 16.3649
SSIM : 0.6363
