Preprocess the data once at each stage
Stage, Iteration, |UV-EV|/EV, UV/EV - 1, RMSE, MQE = (((|UV-EV|/EV) ** 2) ** 0.5)/N, Updated MQE = (((|UV-EV|/(UV+EV)) ** 2) ** 0.5)/N, Average Aspect Ratio (height/width),Average Aspect Ratio min(height/width)/max(height/width), Pre processing Time(sec), Iteration Time(sec)
0, 1, 0.0017, 0.0, 0.0017, 0.0009, 0.000428, 1.004394, 0.994832, 0.0014, 0.5245
0, 2, 0.0017, 0.0, 0.0017, 0.0009, 0.000428, 1.005077, 0.994473, 0.0014, 0.5971
0, 3, 0.0017, 0.0, 0.0017, 0.0009, 0.000428, 1.00499, 0.994518, 0.0014, 0.5984
0, 4, 0.0017, 0.0, 0.0017, 0.0009, 0.000428, 1.005001, 0.994512, 0.0014, 0.4954
0, 5, 0.0017, 0.0, 0.0017, 0.0009, 0.000428, 1.005, 0.994513, 0.0014, 0.6008
0, 6, 0.0017, 0.0, 0.0017, 0.0009, 0.000428, 1.005, 0.994513, 0.0014, 0.6022
1, 1, 0.0033, 0.0, 0.0037, 0.0009, 0.000466, 1.003317, 0.993432, 0.0204, 1.6393
1, 2, 0.003, 0.0006, 0.0034, 0.0009, 0.000429, 1.003362, 0.993471, 0.0204, 1.6253
1, 3, 0.003, 0.0012, 0.0033, 0.0008, 0.000415, 1.003253, 0.993381, 0.0204, 1.6277
1, 4, 0.003, 0.0012, 0.0033, 0.0008, 0.000415, 1.00321, 0.993359, 0.0204, 1.6305
1, 5, 0.003, 0.0012, 0.0033, 0.0008, 0.000415, 1.0032, 0.993352, 0.0204, 1.6234
2, 1, 0.0033, 0.0011, 0.0037, 0.0005, 0.000233, 1.004013, 0.992529, 0.0838, 3.4958
2, 2, 0.0032, 0.0014, 0.0035, 0.0004, 0.000219, 1.004073, 0.992339, 0.0838, 3.518
2, 3, 0.0031, 0.0012, 0.0034, 0.0004, 0.000215, 1.003992, 0.992333, 0.0838, 3.5985
2, 4, 0.0031, 0.0012, 0.0034, 0.0004, 0.000215, 1.003932, 0.992344, 0.0838, 3.6816
3, 1, 0.0034, 0.0012, 0.0038, 0.0002, 0.000118, 1.003764, 0.992176, 0.3206, 7.231
3, 2, 0.0032, 0.0014, 0.0035, 0.0002, 0.00011, 1.003715, 0.992157, 0.3206, 7.0992
3, 3, 0.0032, 0.0014, 0.0035, 0.0002, 0.00011, 1.003694, 0.992114, 0.3206, 7.3335
4, 1, 0.0035, 0.0013, 0.0038, 0.0001, 6e-05, 1.003721, 0.991953, 1.5275, 18.4848
4, 2, 0.0034, 0.0016, 0.0037, 0.0001, 5.7e-05, 1.003632, 0.991991, 1.5275, 18.2097
5, 1, 0.0036, 0.0014, 0.0039, 0.0001, 3.1e-05, 1.003649, 0.991609, 5.3469, 57.0591
5, 2, 0.0035, 0.0018, 0.0038, 0.0001, 2.9e-05, 1.003642, 0.991595, 5.3469, 65.6265
5, 3, 0.0035, 0.0019, 0.0037, 0.0001, 2.9e-05, 1.003631, 0.991587, 5.3469, 51.9019


Total Pre Processing Time(sec): 7.3006
Total Processing Time(sec): 266.105

MSE : 782.3872
PSNR : 19.1966
SSIM : 0.7691
