Preprocess the data once at each stage
Stage, Iteration, |UV-EV|/EV, UV/EV - 1, RMSE, MQE = (((|UV-EV|/EV) ** 2) ** 0.5)/N, Updated MQE = (((|UV-EV|/(UV+EV)) ** 2) ** 0.5)/N, Average Aspect Ratio (height/width),Average Aspect Ratio min(height/width)/max(height/width), Pre processing Time(sec), Iteration Time(sec)
0, 1, 0.0342, -0.0042, 0.0428, 0.0214, 0.011023, 1.129352, 0.836994, 0.0014, 0.6477
0, 2, 0.005, 0.0012, 0.0062, 0.0031, 0.001554, 1.172939, 0.825232, 0.0014, 0.604
0, 3, 0.0011, 0.0001, 0.0013, 0.0007, 0.000333, 1.163478, 0.827578, 0.0014, 0.6168
0, 4, 0.0011, 0.0001, 0.0013, 0.0007, 0.000333, 1.165089, 0.827173, 0.0014, 0.5203
0, 5, 0.0011, 0.0001, 0.0013, 0.0007, 0.000333, 1.164801, 0.827245, 0.0014, 0.6088
0, 6, 0.0011, 0.0001, 0.0013, 0.0007, 0.000333, 1.164852, 0.827233, 0.0014, 0.6026
1, 1, 0.0598, -0.001, 0.0684, 0.0171, 0.008716, 1.08627, 0.742276, 0.0201, 1.6424
1, 2, 0.0159, 0.0024, 0.019, 0.0048, 0.002355, 1.109707, 0.749781, 0.0201, 1.7563
1, 3, 0.004, 0.0002, 0.0055, 0.0014, 0.000683, 1.111629, 0.749804, 0.0201, 1.5647
1, 4, 0.0026, -0.0001, 0.0034, 0.0008, 0.000425, 1.112371, 0.749797, 0.0201, 1.7533
1, 5, 0.0023, 0.0005, 0.0029, 0.0007, 0.000362, 1.112195, 0.75004, 0.0201, 1.7456
2, 1, 0.0413, 0.0045, 0.0544, 0.0068, 0.003307, 1.154918, 0.739325, 0.0872, 3.6207
2, 2, 0.0123, 0.0021, 0.016, 0.002, 0.000998, 1.156317, 0.741083, 0.0872, 3.9476
2, 3, 0.007, 0.0012, 0.0091, 0.0011, 0.000568, 1.158441, 0.740915, 0.0872, 3.648
2, 4, 0.0048, 0.0006, 0.0059, 0.0007, 0.000372, 1.158632, 0.740563, 0.0872, 3.638
3, 1, 0.0309, 0.0029, 0.0415, 0.0026, 0.001306, 1.16236, 0.741717, 0.3228, 7.4422
3, 2, 0.0156, 0.0023, 0.0199, 0.0012, 0.00062, 1.160497, 0.73916, 0.3228, 7.0995
3, 3, 0.0122, 0.0016, 0.0151, 0.0009, 0.000471, 1.161651, 0.736922, 0.3228, 7.1225
4, 1, 0.0297, 0.0039, 0.0425, 0.0013, 0.000661, 1.16327, 0.739095, 1.4001, 18.2312
4, 2, 0.0158, 0.003, 0.0222, 0.0007, 0.000347, 1.162051, 0.738683, 1.4001, 18.0411
5, 1, 0.0329, 0.0049, 0.053, 0.0008, 0.000403, 1.175601, 0.731831, 5.3851, 53.7767
5, 2, 0.019, 0.0041, 0.0283, 0.0004, 0.000217, 1.178215, 0.731538, 5.3851, 52.6354
5, 3, 0.0147, 0.0036, 0.0209, 0.0003, 0.000162, 1.179871, 0.730771, 5.3851, 51.7655


Total Pre Processing Time(sec): 7.2166
Total Processing Time(sec): 250.2475

MSE : 2152.5881
PSNR : 14.8012
SSIM : 0.4761
