Preprocess the data once at each stage
Stage, Iteration, |UV-EV|/EV, UV/EV - 1, RMSE, MQE = (((|UV-EV|/EV) ** 2) ** 0.5)/N, Updated MQE = (((|UV-EV|/(UV+EV)) ** 2) ** 0.5)/N, Average Aspect Ratio (height/width),Average Aspect Ratio min(height/width)/max(height/width), Pre processing Time(sec), Iteration Time(sec)
0, 1, 0.0007, 0.0, 0.0009, 0.0005, 0.000231, 1.02613, 0.971001, 0.0011, 0.5197
0, 2, 0.0007, 0.0, 0.0009, 0.0005, 0.000231, 1.02613, 0.971, 0.0011, 0.5842
0, 3, 0.0007, 0.0, 0.0009, 0.0005, 0.000231, 1.02613, 0.971, 0.0011, 0.5817
0, 4, 0.0007, 0.0, 0.0009, 0.0005, 0.000231, 1.02613, 0.971, 0.0011, 0.5996
0, 5, 0.0007, 0.0, 0.0009, 0.0005, 0.000231, 1.02613, 0.971, 0.0011, 0.5922
0, 6, 0.0007, 0.0, 0.0009, 0.0005, 0.000231, 1.02613, 0.971, 0.0011, 0.4792
1, 1, 0.0036, -0.0006, 0.0047, 0.0012, 0.000594, 1.017544, 0.969879, 0.0182, 1.5167
1, 2, 0.0021, -0.0006, 0.0025, 0.0006, 0.000317, 1.017993, 0.971321, 0.0182, 1.6218
1, 3, 0.0021, -0.0006, 0.0025, 0.0006, 0.000317, 1.017946, 0.971513, 0.0182, 1.5214
1, 4, 0.0021, -0.0006, 0.0025, 0.0006, 0.000317, 1.017894, 0.971554, 0.0182, 1.6205
1, 5, 0.0021, 0.0, 0.0025, 0.0006, 0.000313, 1.017863, 0.97156, 0.0182, 1.6207
2, 1, 0.0059, 0.0003, 0.0079, 0.001, 0.000493, 1.016981, 0.95933, 0.0752, 3.4891
2, 2, 0.003, 0.0004, 0.0039, 0.0005, 0.000244, 1.015531, 0.960222, 0.0752, 3.289
2, 3, 0.0028, 0.0008, 0.0037, 0.0005, 0.000233, 1.014936, 0.959683, 0.0752, 3.5048
2, 4, 0.0023, 0.0003, 0.0029, 0.0004, 0.000179, 1.014401, 0.959447, 0.0752, 3.4977
3, 1, 0.0053, 0.0005, 0.0072, 0.0005, 0.000225, 1.017565, 0.957932, 0.3164, 6.9718
3, 2, 0.0032, 0.0, 0.0039, 0.0002, 0.000123, 1.017895, 0.957359, 0.3164, 6.9867
3, 3, 0.0029, 0.0, 0.0035, 0.0002, 0.000109, 1.017818, 0.95734, 0.3164, 6.9782
4, 1, 0.0048, 0.0001, 0.0063, 0.0002, 9.9e-05, 1.017154, 0.956253, 1.2662, 17.544
4, 2, 0.0032, 0.0001, 0.0039, 0.0001, 6.1e-05, 1.016871, 0.956112, 1.2662, 17.4787
5, 1, 0.0043, 0.0002, 0.0056, 0.0001, 4.4e-05, 1.016799, 0.955298, 5.1091, 50.7476
5, 2, 0.0033, 0.0001, 0.0041, 0.0001, 3.2e-05, 1.016483, 0.955318, 5.1091, 50.917
5, 3, 0.0031, 0.0001, 0.0038, 0.0001, 3e-05, 1.016374, 0.955271, 5.1091, 52.5314


Total Pre Processing Time(sec): 6.7863
Total Processing Time(sec): 241.9801

MSE : 116.3534
PSNR : 27.473
SSIM : 0.896
