Preprocess the data once at each stage
Stage, Iteration, |UV-EV|/EV, UV/EV - 1, RMSE, MQE = (((|UV-EV|/EV) ** 2) ** 0.5)/N, Updated MQE = (((|UV-EV|/(UV+EV)) ** 2) ** 0.5)/N, Average Aspect Ratio (height/width),Average Aspect Ratio min(height/width)/max(height/width), Pre processing Time(sec), Iteration Time(sec)
0, 1, 0.0253, -0.0022, 0.035, 0.0175, 0.008833, 1.072945, 0.894246, 0.0011, 0.624
0, 2, 0.0036, 0.0004, 0.0044, 0.0022, 0.001088, 1.109239, 0.886677, 0.0011, 0.599
0, 3, 0.0023, -0.0, 0.0026, 0.0013, 0.000644, 1.103158, 0.889077, 0.0011, 0.5962
0, 4, 0.0023, -0.0, 0.0026, 0.0013, 0.000644, 1.104064, 0.888718, 0.0011, 0.5931
0, 5, 0.0023, -0.0, 0.0026, 0.0013, 0.000644, 1.103926, 0.888773, 0.0011, 0.5969
0, 6, 0.0023, -0.0, 0.0026, 0.0013, 0.000644, 1.103947, 0.888765, 0.0011, 0.6348
1, 1, 0.1132, -0.0056, 0.1665, 0.0416, 0.020719, 1.138416, 0.756827, 0.0178, 1.7062
1, 2, 0.0737, 0.007, 0.1291, 0.0323, 0.014315, 1.103989, 0.772403, 0.0178, 1.5226
1, 3, 0.0562, 0.0102, 0.1161, 0.029, 0.012232, 1.084505, 0.778524, 0.0178, 1.5157
1, 4, 0.0504, 0.0105, 0.114, 0.0285, 0.011905, 1.072217, 0.781008, 0.0178, 1.5214
1, 5, 0.0482, 0.0104, 0.1135, 0.0284, 0.011837, 1.062499, 0.784738, 0.0178, 1.5233
2, 1, 0.1158, 0.0337, 0.1592, 0.0199, 0.009351, 1.176809, 0.679041, 0.075, 3.4732
2, 2, 0.0541, 0.0099, 0.0825, 0.0103, 0.004932, 1.174313, 0.680475, 0.075, 3.3536
2, 3, 0.041, 0.0048, 0.0666, 0.0083, 0.004084, 1.170508, 0.681719, 0.075, 3.1659
2, 4, 0.0368, 0.0018, 0.0604, 0.0076, 0.003763, 1.162193, 0.685431, 0.075, 3.2757
3, 1, 0.1055, 0.0246, 0.1642, 0.0103, 0.005056, 1.140704, 0.673159, 0.3256, 9.0427
3, 2, 0.0669, 0.0159, 0.1107, 0.0069, 0.003716, 1.155082, 0.66329, 0.3256, 15.2676
3, 3, 0.0589, 0.0125, 0.1055, 0.0066, 0.003604, 1.158307, 0.659127, 0.3256, 7.1497
4, 1, 0.123, 0.0327, 0.1988, 0.0062, 0.003062, 1.199828, 0.643447, 1.2964, 17.8741
4, 2, 0.0848, 0.025, 0.1589, 0.005, 0.002518, 1.205271, 0.6432, 1.2964, 16.6702
5, 1, 0.1335, 0.0465, 0.2523, 0.0039, 0.001715, 1.246294, 0.628521, 5.1515, 50.2688
5, 2, 0.1008, 0.0376, 0.2167, 0.0034, 0.001499, 1.244779, 0.629364, 5.1515, 47.6559
5, 3, 0.0906, 0.0351, 0.2032, 0.0032, 0.001433, 1.245071, 0.628697, 5.1515, 46.3804


Total Pre Processing Time(sec): 6.8674
Total Processing Time(sec): 241.8784

MSE : 407.7364
PSNR : 22.027
SSIM : 0.6429
