Preprocess the data once at each stage
Stage, Iteration, |UV-EV|/EV, UV/EV - 1, RMSE, MQE = (((|UV-EV|/EV) ** 2) ** 0.5)/N, Updated MQE = (((|UV-EV|/(UV+EV)) ** 2) ** 0.5)/N, Average Aspect Ratio (height/width),Average Aspect Ratio min(height/width)/max(height/width), Pre processing Time(sec), Iteration Time(sec)
0, 1, 0.0023, 0.0001, 0.0025, 0.0013, 0.000632, 1.174179, 0.872804, 0.001, 3.6453
0, 2, 0.0023, 0.0001, 0.0025, 0.0013, 0.000632, 1.175264, 0.872539, 0.001, 3.6386
0, 3, 0.0023, 0.0001, 0.0025, 0.0013, 0.000632, 1.175098, 0.87258, 0.001, 3.6431
0, 4, 0.0023, 0.0001, 0.0025, 0.0013, 0.000632, 1.175123, 0.872574, 0.001, 3.6345
0, 5, 0.0023, 0.0001, 0.0025, 0.0013, 0.000632, 1.175119, 0.872575, 0.001, 3.6521
0, 6, 0.0023, 0.0001, 0.0025, 0.0013, 0.000632, 1.17512, 0.872574, 0.001, 3.518
1, 1, 0.0617, -0.0001, 0.081, 0.0203, 0.010395, 1.27036, 0.702249, 0.013, 5.594
1, 2, 0.016, 0.0028, 0.019, 0.0047, 0.002355, 1.288659, 0.701806, 0.013, 5.812
1, 3, 0.0053, 0.0006, 0.0065, 0.0016, 0.00081, 1.289903, 0.699304, 0.013, 5.9314
1, 4, 0.0046, 0.0007, 0.006, 0.0015, 0.000752, 1.289574, 0.699127, 0.013, 5.7117
1, 5, 0.0045, 0.0017, 0.006, 0.0015, 0.000742, 1.289387, 0.699149, 0.013, 5.7159
2, 1, 0.1642, 0.0402, 0.24, 0.03, 0.013768, 1.293442, 0.674487, 0.0568, 9.5259
2, 2, 0.1001, 0.018, 0.1648, 0.0206, 0.010907, 1.336825, 0.671642, 0.0568, 9.5145
2, 3, 0.066, 0.01, 0.1049, 0.0131, 0.006504, 1.337602, 0.671654, 0.0568, 8.7139
2, 4, 0.0462, 0.0061, 0.0804, 0.01, 0.005184, 1.323533, 0.679408, 0.0568, 8.2686
3, 1, 0.1157, 0.0109, 0.1612, 0.0101, 0.005277, 1.326922, 0.656241, 0.2443, 22.8912
3, 2, 0.0855, 0.0101, 0.1342, 0.0084, 0.004351, 1.326176, 0.65814, 0.2443, 21.1026
3, 3, 0.0711, 0.0056, 0.1159, 0.0072, 0.003811, 1.336172, 0.655524, 0.2443, 19.5837
4, 1, 0.1097, 0.0109, 0.1677, 0.0052, 0.002799, 1.379477, 0.637684, 0.9784, 72.1209
4, 2, 0.0813, 0.0083, 0.1322, 0.0041, 0.0023, 1.376708, 0.638408, 0.9784, 71.4764
5, 1, 0.1261, 0.025, 0.232, 0.0036, 0.001624, 1.417164, 0.629716, 3.8318, 289.2034
5, 2, 0.0997, 0.0212, 0.2, 0.0031, 0.001427, 1.427782, 0.629548, 3.8318, 325.759
5, 3, 0.0909, 0.0197, 0.1911, 0.003, 0.001371, 1.432302, 0.630059, 3.8318, 369.8581


Total Pre Processing Time(sec): 5.1253
Total Processing Time(sec): 1283.64

Image Processing Time : 4.7246